image: hospital_map.pgm
resolution: 0.050000
origin: [-13.208650, -34.985069, 0.000000]
negate: 0
occupied_thresh: 0.65
free_thresh: 0.196

